b=[1,1,1];
a=[2,3,4];
0:0.01:1